9times-4,2.8,2.8,2.8,2.8
    polyCoeff << 00000, 00000, 00000, 00000, 00000, 00000, 
        00000, 00000, 00000, 00000, 00000, 00000, 
        00000, 00000, 00000, 00000, 00000, 00000, 
        4.19767e-02, -1.07734e-01, -1.39990e-02, 00000, 1.27795e-01, 4.19767e-02, 
        -1.18347e-02, 3.19047e-02, 6.19107e-03, 00000, -4.05058e-02, -1.18347e-02, 
        8.46151e-04, -2.49616e-03, -5.84721e-04, 00000, 3.30451e-03, 8.46151e-04, 
        5.23278e-01, -1.28342e+00, 9.02228e-02, 00000, 1.19319e+00, 5.23278e-01, 
        6.82661e-02, -1.98699e-01, 1.64519e-01, 00000, -5.56941e-03, 6.82661e-02, 
        -9.08760e-02, 1.72504e-01, 5.21334e-02, 00000, -2.40135e-01, -9.08760e-02, 
        -1.19946e-02, 3.35581e-03, -8.49717e-03, 00000, 8.42323e-03, -1.19946e-02, 
        5.08830e-03, -1.80185e-02, -5.50334e-03, 00000, 2.55843e-02, 5.08830e-03, 
        -2.98682e-04, 2.44611e-03, 9.44818e-04, 00000, -3.76285e-03, -2.98682e-04, 
        -8.71728e-14, -1.10021e+00, 5.97412e-01, 00000, 4.04800e-01, -8.71728e-14, 
        -3.67753e-01, 1.58428e-02, 6.37441e-02, 00000, -6.21315e-02, -3.67753e-01, 
        -1.78439e-02, -1.09927e-01, -7.07135e-02, 00000, 2.08086e-01, -1.78439e-02, 
        2.15777e-02, -6.67639e-03, 3.93914e-03, 00000, -3.99394e-05, 2.15777e-02, 
        9.06751e-04, 1.62270e-02, 7.72411e-03, 00000, -2.70956e-02, 9.06751e-04, 
        -3.97596e-04, -2.21085e-03, -1.26315e-03, 00000, 3.98643e-03, -3.97596e-04, 
        -7.08626e-01, -1.44733e+00, 5.65348e-01, 00000, 8.81978e-01, -7.08626e-01, 
        -2.74477e-03, -1.13690e-02, 5.04346e-02, 00000, -5.18615e-02, -2.74477e-03, 
        1.18782e-01, 1.11987e-01, 4.84309e-02, 00000, -1.91727e-01, 1.18782e-01, 
        5.61744e-04, 1.73629e-03, -8.58172e-03, 00000, 9.02518e-03, 5.61744e-04, 
        -4.65959e-03, -1.47248e-02, -9.95998e-03, 00000, 2.87144e-02, -4.65959e-03, 
        3.43605e-04, 2.13785e-03, 1.81130e-03, 00000, -4.60127e-03, 3.43605e-04, 
        -1.97864e-12, -1.10021e+00, 5.97412e-01, 00000, 4.04800e-01, -1.97864e-12, 
        3.72095e-01, 2.06592e-02, -1.98098e-01, 00000, 1.93994e-01, 3.72095e-01, 
        -2.02588e-02, -9.67827e-02, -9.45571e-02, 00000, 2.24738e-01, -2.02588e-02, 
        -2.46871e-02, 4.42576e-03, 2.18722e-02, 00000, -3.01134e-02, -2.46871e-02, 
        1.50873e-04, 1.52050e-02, 1.53982e-02, 00000, -3.57034e-02, 1.50873e-04, 
        1.00462e-03, -2.98669e-03, -3.70581e-03, 00000, 7.77926e-03, 1.00462e-03,
        5.23278e-01, -1.28342e+00, 9.02228e-02, 00000, 1.19319e+00, 5.23278e-01, 
        00000, 00000, 00000, 00000, 00000, 00000, 
        00000, 00000, 00000, 00000, 00000, 00000, 
        -5.60449e-02, 5.83578e-02, 1.01106e-01, 00000, -1.84972e-01, -5.60449e-02, 
        1.43743e-02, -2.60000e-02, -3.92563e-02, 00000, 7.60744e-02, 1.43743e-02, 
        -1.02557e-03, 2.90664e-03, 4.07095e-03, 00000, -8.15702e-03, -1.02557e-03, 
        2.92287e-14, -1.10021e+00, 5.97412e-01, 00000, 4.04800e-01, 2.92287e-14, 
        -3.71185e-01, -1.71385e-02, 1.82110e-01, 00000, -1.77470e-01, -3.71185e-01, 
        -1.97438e-02, -9.47678e-02, -1.03671e-01, 00000, 2.34151e-01, -1.97438e-02, 
        2.45425e-02, -4.96137e-03, -1.94019e-02, 00000, 2.75517e-02, 2.45425e-02, 
        1.63390e-05, 1.46930e-02, 1.77370e-02, 00000, -3.81238e-02, 1.63390e-05, 
        -3.15376e-04, -2.03572e-03, -2.28639e-03, 00000, 5.09483e-03, -3.15376e-04, 
        -7.08626e-01, -1.44733e+00, 5.65348e-01, 00000, 8.81978e-01, -7.08626e-01, 
        1.86223e-12, -2.79574e-12, -3.72651e-12, 00000, 7.45413e-12, 1.86223e-12, 
        1.17950e-01, 1.07835e-01, 6.57947e-02, 00000, -2.09341e-01, 1.17950e-01, 
        4.30827e-14, 8.48837e-13, 1.00168e-12, 00000, -2.17781e-12, 4.30827e-14, 
        -4.39893e-03, -1.38070e-02, -1.42724e-02, 00000, 3.32039e-02, -4.39893e-03, 
        3.15376e-04, 2.03572e-03, 2.28639e-03, 00000, -5.09483e-03, 3.15376e-04, 
        -1.76459e-12, -1.10021e+00, 5.97412e-01, 00000, 4.04800e-01, -1.76459e-12, 
        3.71185e-01, 1.71385e-02, -1.82110e-01, 00000, 1.77470e-01, 3.71185e-01, 
        -1.97438e-02, -9.47678e-02, -1.03671e-01, 00000, 2.34151e-01, -1.97438e-02, 
        -2.45425e-02, 4.96137e-03, 1.94019e-02, 00000, -2.75517e-02, -2.45425e-02, 
        1.63390e-05, 1.46930e-02, 1.77370e-02, 00000, -3.81238e-02, 1.63390e-05, 
        1.02557e-03, -2.90664e-03, -4.07095e-03, 00000, 8.15702e-03, 1.02557e-03;


10times-4,2.52,2.52,2.52,2.52
    polyCoeff << 00000, 00000, 00000, 00000, 00000, 00000, 
        00000, 00000, 00000, 00000, 00000, 00000, 
        00000, 00000, 00000, 00000, 00000, 00000, 
        4.41057e-02, -1.16422e-01, -1.90690e-02, 00000, 1.43236e-01, 4.41057e-02, 
        -1.26049e-02, 3.55203e-02, 8.28355e-03, 00000, -4.69211e-02, -1.26049e-02, 
        9.05638e-04, -2.85706e-03, -7.90965e-04, 00000, 3.94322e-03, 9.05638e-04, 
        5.23278e-01, -1.28342e+00, 9.02228e-02, 00000, 1.19319e+00, 5.23278e-01, 
        4.94300e-02, -1.52080e-01, 1.92840e-01, 00000, -8.91284e-02, 4.94300e-02, 
        -1.01196e-01, 1.84371e-01, 6.01750e-02, 00000, -2.61927e-01, -1.01196e-01, 
        -1.26710e-02, -5.22623e-03, -1.30866e-02, 00000, 2.34142e-02, -1.26710e-02, 
        5.50783e-03, -2.16208e-02, -7.53575e-03, 00000, 3.19433e-02, 5.50783e-03, 
        -2.41570e-04, 3.45559e-03, 1.49982e-03, 00000, -5.54330e-03, -2.41570e-04, 
        4.07461e-13, -1.10021e+00, 5.97412e-01, 00000, 4.04800e-01, 4.07461e-13, 
        -3.98138e-01, -9.63346e-03, 6.68484e-02, 00000, -3.61547e-02, -3.98138e-01, 
        -2.57859e-02, -1.25947e-01, -8.58738e-02, 00000, 2.45106e-01, -2.57859e-02, 
        2.75072e-02, -3.72031e-03, 6.19752e-03, 00000, -6.61920e-03, 2.75072e-02, 
        2.46404e-03, 2.19196e-02, 1.13620e-02, 00000, -3.79023e-02, 2.46404e-03, 
        -7.98363e-04, -3.41904e-03, -2.09168e-03, 00000, 6.35866e-03, -7.98363e-04, 
        -7.08626e-01, -1.44733e+00, 5.65348e-01, 00000, 8.81978e-01, -7.08626e-01, 
        -7.30540e-03, -1.56849e-03, 5.76544e-02, 00000, -7.09800e-02, -7.30540e-03, 
        1.48293e-01, 1.33969e-01, 5.91653e-02, 00000, -2.31526e-01, 1.48293e-01, 
        1.64556e-03, 1.06967e-04, -1.21041e-02, 00000, 1.51263e-02, 1.64556e-03, 
        -7.59532e-03, -2.11603e-02, -1.49932e-02, 00000, 4.22169e-02, -7.59532e-03, 
        6.42411e-04, 3.46314e-03, 3.04447e-03, 00000, -7.60238e-03, 6.42411e-04, 
        -5.00075e-12, -1.10021e+00, 5.97412e-01, 00000, 4.04800e-01, -5.00075e-12, 
        4.14782e-01, 1.94643e-02, -2.20619e-01, 00000, 2.19763e-01, 4.14782e-01, 
        -2.58619e-02, -1.17272e-01, -1.16414e-01, 00000, 2.74784e-01, -2.58619e-02, 
        -3.41196e-02, 6.73472e-03, 3.01000e-02, 00000, -4.21091e-02, -3.41196e-02, 
        4.99056e-04, 2.24753e-02, 2.33671e-02, 00000, -5.35731e-02, 4.99056e-04, 
        1.65463e-03, -4.93660e-03, -6.25809e-03, 00000, 1.30277e-02, 1.65463e-03,
        5.23278e-01, -1.28342e+00, 9.02228e-02, 00000, 1.19319e+00, 5.23278e-01, 
        00000, 00000, 00000, 00000, 00000, 00000, 
        00000, 00000, 00000, 00000, 00000, 00000, 
        -7.68791e-02, 8.00519e-02, 1.38691e-01, 00000, -2.53733e-01, -7.68791e-02, 
        2.19087e-02, -3.96281e-02, -5.98328e-02, 00000, 1.15949e-01, 2.19087e-02, 
        -1.73681e-03, 4.92242e-03, 6.89419e-03, 00000, -1.38140e-02, -1.73681e-03, 
        5.81695e-14, -1.10021e+00, 5.97412e-01, 00000, 4.04800e-01, 5.81695e-14, 
        -4.12428e-01, -1.90427e-02, 2.02345e-01, 00000, -1.97189e-01, -4.12428e-01, 
        -2.43751e-02, -1.16997e-01, -1.27989e-01, 00000, 2.89075e-01, -2.43751e-02, 
        3.36660e-02, -6.80572e-03, -2.66144e-02, 00000, 3.77939e-02, 3.36660e-02, 
        2.49032e-05, 2.23944e-02, 2.70341e-02, 00000, -5.81067e-02, 2.49032e-05, 
        -5.34093e-04, -3.44750e-03, -3.87202e-03, 00000, 8.62815e-03, -5.34093e-04, 
        -7.08626e-01, -1.44733e+00, 5.65348e-01, 00000, 8.81978e-01, -7.08626e-01, 
        -1.04685e-11, 1.11510e-11, 1.85909e-11, 00000, -3.71819e-11, -1.04685e-11, 
        1.45618e-01, 1.33129e-01, 8.12280e-02, 00000, -2.58446e-01, 1.45618e-01, 
        1.79002e-12, -4.02005e-12, -5.83419e-12, 00000, 1.15035e-11, 1.79002e-12, 
        -6.70466e-03, -2.10441e-02, -2.17534e-02, 00000, 5.06079e-02, -6.70466e-03, 
        5.34093e-04, 3.44750e-03, 3.87202e-03, 00000, -8.62815e-03, 5.34093e-04, 
        -4.77049e-12, -1.10021e+00, 5.97412e-01, 00000, 4.04800e-01, -4.77049e-12, 
        4.12428e-01, 1.90427e-02, -2.02345e-01, 00000, 1.97189e-01, 4.12428e-01, 
        -2.43751e-02, -1.16997e-01, -1.27989e-01, 00000, 2.89075e-01, -2.43751e-02, 
        -3.36660e-02, 6.80572e-03, 2.66144e-02, 00000, -3.77939e-02, -3.36660e-02, 
        2.49032e-05, 2.23944e-02, 2.70341e-02, 00000, -5.81067e-02, 2.49032e-05, 
        1.73681e-03, -4.92242e-03, -6.89419e-03, 00000, 1.38140e-02, 1.73681e-03;

11times-4,2.285,2.285,2.285,2.285
    polyCoeff << 00000, 00000, 00000, 00000, 00000, 00000, 
        00000, 00000, 00000, 00000, 00000, 00000, 
        00000, 00000, 00000, 00000, 00000, 00000, 
        4.59672e-02, -1.25626e-01, -2.49425e-02, 00000, 1.60273e-01, 4.59672e-02, 
        -1.32555e-02, 3.94020e-02, 1.07363e-02, 00000, -5.40882e-02, -1.32555e-02, 
        9.51951e-04, -3.25225e-03, -1.03705e-03, 00000, 4.67022e-03, 9.51951e-04, 
        5.23278e-01, -1.28342e+00, 9.02228e-02, 00000, 1.19319e+00, 5.23278e-01, 
        3.15021e-02, -1.05989e-01, 2.23818e-01, 00000, -1.75597e-01, 3.15021e-02, 
        -1.11678e-01, 1.93646e-01, 6.76588e-02, 00000, -2.80250e-01, -1.11678e-01, 
        -1.38095e-02, -1.55537e-02, -1.90904e-02, 00000, 4.20974e-02, -1.38095e-02, 
        5.78346e-03, -2.56431e-02, -1.00048e-02, 00000, 3.93162e-02, 5.78346e-03, 
        -8.14846e-05, 4.79914e-03, 2.29569e-03, 00000, -7.99389e-03, -8.14846e-05, 
        2.21934e-16, -1.10021e+00, 5.97412e-01, 00000, 4.04800e-01, 2.21934e-16, 
        -4.30281e-01, -3.42398e-02, 6.94621e-02, 00000, -1.03040e-02, -4.30281e-01, 
        -3.48826e-02, -1.43742e-01, -1.02741e-01, 00000, 2.86291e-01, -3.48826e-02, 
        3.47969e-02, 6.42447e-04, 9.32917e-03, 00000, -1.59310e-02, 3.47969e-02, 
        4.85250e-03, 2.91871e-02, 1.62235e-02, 00000, -5.20139e-02, 4.85250e-03, 
        -1.45660e-03, -5.16457e-03, -3.33788e-03, 00000, 9.85619e-03, -1.45660e-03, 
        -7.08626e-01, -1.44733e+00, 5.65348e-01, 00000, 8.81978e-01, -7.08626e-01, 
        -1.16188e-02, 7.82498e-03, 6.53078e-02, 00000, -9.02433e-02, -1.16188e-02, 
        1.81887e-01, 1.58856e-01, 7.12235e-02, 00000, -2.76481e-01, 1.81887e-01, 
        3.09640e-03, -2.24147e-03, -1.66662e-02, 00000, 2.32758e-02, 3.09640e-03, 
        -1.17892e-02, -2.98181e-02, -2.19118e-02, 00000, 6.05931e-02, -1.17892e-02, 
        1.12292e-03, 5.44909e-03, 4.93064e-03, 00000, -1.21514e-02, 1.12292e-03, 
        6.51973e-12, -1.10021e+00, 5.97412e-01, 00000, 4.04800e-01, 6.51973e-12, 
        4.58563e-01, 1.84529e-02, -2.43852e-01, 00000, 2.46137e-01, 4.58563e-01, 
        -3.22404e-02, -1.40528e-01, -1.41210e-01, 00000, 3.31572e-01, -3.22404e-02, 
        -4.60262e-02, 9.73032e-03, 4.05004e-02, 00000, -5.73554e-02, -4.60262e-02, 
        1.04023e-03, 3.24378e-02, 3.44209e-02, 00000, -7.82367e-02, 1.04023e-03, 
        2.64165e-03, -7.89877e-03, -1.01818e-02, 00000, 2.10599e-02, 2.64165e-03,
        5.23278e-01, -1.28342e+00, 9.02228e-02, 00000, 1.19319e+00, 5.23278e-01, 
        00000, 00000, 00000, 00000, 00000, 00000, 
        00000, 00000, 00000, 00000, 00000, 00000, 
        -1.03122e-01, 1.07378e-01, 1.86034e-01, 00000, -3.40346e-01, -1.03122e-01, 
        3.24095e-02, -5.86220e-02, -8.85108e-02, 00000, 1.71524e-01, 3.24095e-02, 
        -2.83350e-03, 8.03065e-03, 1.12475e-02, 00000, -2.25367e-02, -2.83350e-03, 
        -1.74512e-13, -1.10021e+00, 5.97412e-01, 00000, 4.04800e-01, -1.74512e-13, 
        -4.54844e-01, -2.10012e-02, 2.23155e-01, 00000, -2.17468e-01, -4.54844e-01, 
        -2.96466e-02, -1.42300e-01, -1.55669e-01, 00000, 3.51592e-01, -2.96466e-02, 
        4.51580e-02, -9.12888e-03, -3.56993e-02, 00000, 5.06949e-02, 4.51580e-02, 
        3.68394e-05, 3.31282e-02, 3.99916e-02, 00000, -8.59575e-02, 3.68394e-05, 
        -8.71341e-04, -5.62440e-03, -6.31698e-03, 00000, 1.40763e-02, -8.71341e-04, 
        -7.08626e-01, -1.44733e+00, 5.65348e-01, 00000, 8.81978e-01, -7.08626e-01, 
        9.31711e-13, -9.31500e-12, -1.11774e-11, 00000, 1.49056e-11, 9.31711e-13, 
        1.77110e-01, 1.61920e-01, 9.87949e-02, 00000, -3.14339e-01, 1.77110e-01, 
        1.47782e-14, 1.58296e-12, 1.90367e-12, 00000, -4.10014e-12, 1.47782e-14, 
        -9.91823e-03, -3.11306e-02, -3.21799e-02, 00000, 7.48645e-02, -9.91823e-03, 
        8.71341e-04, 5.62440e-03, 6.31698e-03, 00000, -1.40763e-02, 8.71341e-04, 
        7.16468e-12, -1.10021e+00, 5.97412e-01, 00000, 4.04800e-01, 7.16468e-12, 
        4.54844e-01, 2.10012e-02, -2.23155e-01, 00000, 2.17468e-01, 4.54844e-01, 
        -2.96466e-02, -1.42300e-01, -1.55669e-01, 00000, 3.51592e-01, -2.96466e-02, 
        -4.51580e-02, 9.12888e-03, 3.56993e-02, 00000, -5.06949e-02, -4.51580e-02, 
        3.68394e-05, 3.31282e-02, 3.99916e-02, 00000, -8.59575e-02, 3.68394e-05, 
        2.83350e-03, -8.03065e-03, -1.12475e-02, 00000, 2.25367e-02, 2.83350e-03;
12times-4,2.08,2.08,2.08,2.08
    polyCoeff << 00000, 00000, 00000, 00000, 00000, 00000, 
        00000, 00000, 00000, 00000, 00000, 00000, 
        00000, 00000, 00000, 00000, 00000, 00000, 
        4.75541e-02, -1.35696e-01, -3.18642e-02, 00000, 1.79587e-01, 4.75541e-02, 
        -1.37753e-02, 4.37019e-02, 1.36583e-02, 00000, -6.23077e-02, -1.37753e-02, 
        9.82713e-04, -3.69783e-03, -1.33495e-03, 00000, 5.51799e-03, 9.82713e-04, 
        5.23278e-01, -1.28342e+00, 9.02228e-02, 00000, 1.19319e+00, 5.23278e-01, 
        1.39868e-02, -5.89327e-02, 2.58302e-01, 00000, -2.67589e-01, 1.39868e-02, 
        -1.22846e-01, 2.00422e-01, 7.44565e-02, 00000, -2.94986e-01, -1.22846e-01, 
        -1.56170e-02, -2.81183e-02, -2.69237e-02, 00000, 6.55419e-02, -1.56170e-02, 
        5.87893e-03, -3.02547e-02, -1.30407e-02, 00000, 4.80521e-02, 5.87893e-03, 
        2.46690e-04, 6.62731e-03, 3.44614e-03, 00000, -1.14250e-02, 2.46690e-04, 
        -6.98436e-13, -1.10021e+00, 5.97412e-01, 00000, 4.04800e-01, -6.98436e-13, 
        -4.65044e-01, -5.89298e-02, 7.17041e-02, 00000, 1.63628e-02, -4.65044e-01, 
        -4.54887e-02, -1.64016e-01, -1.21948e-01, 00000, 3.33222e-01, -4.54887e-02, 
        4.39685e-02, 6.88607e-03, 1.36714e-02, 00000, -2.89573e-02, 4.39685e-02, 
        8.44451e-03, 3.86693e-02, 2.27992e-02, 00000, -7.07683e-02, 8.44451e-03, 
        -2.52392e-03, -7.72397e-03, -5.22407e-03, 00000, 1.50694e-02, -2.52392e-03, 
        -7.08626e-01, -1.44733e+00, 5.65348e-01, 00000, 8.81978e-01, -7.08626e-01, 
        -1.58456e-02, 1.71890e-02, 7.36003e-02, 00000, -1.10297e-01, -1.58456e-02, 
        2.20955e-01, 1.87672e-01, 8.50818e-02, 00000, -3.28418e-01, 2.20955e-01, 
        5.03186e-03, -5.55571e-03, -2.26537e-02, 00000, 3.42143e-02, 5.03186e-03, 
        -1.78043e-02, -4.16601e-02, -3.15312e-02, 00000, 8.59537e-02, -1.78043e-02, 
        1.89091e-03, 8.45561e-03, 7.83216e-03, 00000, -1.91007e-02, 1.89091e-03, 
        1.39610e-12, -1.10021e+00, 5.97412e-01, 00000, 4.04800e-01, 1.39610e-12, 
        5.04729e-01, 1.75629e-02, -2.68470e-01, 00000, 2.73913e-01, 5.04729e-01, 
        -3.96548e-02, -1.67512e-01, -1.69967e-01, 00000, 3.97449e-01, -3.96548e-02, 
        -6.12912e-02, 1.36558e-02, 5.38574e-02, 00000, -7.70216e-02, -6.12912e-02, 
        1.86123e-03, 4.62782e-02, 4.99233e-02, 00000, -1.12693e-01, 1.86123e-03, 
        4.15381e-03, -1.24349e-02, -1.62468e-02, 00000, 3.34318e-02, 4.15381e-03,
        5.23278e-01, -1.28342e+00, 9.02228e-02, 00000, 1.19319e+00, 5.23278e-01, 
        00000, 00000, 00000, 00000, 00000, 00000, 
        00000, 00000, 00000, 00000, 00000, 00000, 
        -1.36716e-01, 1.42358e-01, 2.46638e-01, 00000, -4.51221e-01, -1.36716e-01, 
        4.72024e-02, -8.53792e-02, -1.28910e-01, 00000, 2.49814e-01, 4.72024e-02, 
        -4.53354e-03, 1.28489e-02, 1.79957e-02, 00000, -3.60583e-02, -4.53354e-03, 
        -3.49496e-13, -1.10021e+00, 5.97412e-01, 00000, 4.04800e-01, -3.49496e-13, 
        -4.99672e-01, -2.30710e-02, 2.45148e-01, 00000, -2.38902e-01, -4.99672e-01, 
        -3.57783e-02, -1.71732e-01, -1.87866e-01, 00000, 4.24311e-01, -3.57783e-02, 
        5.98691e-02, -1.21028e-02, -4.73291e-02, 00000, 6.72099e-02, 5.98691e-02, 
        5.36542e-05, 4.82491e-02, 5.82452e-02, 00000, -1.25192e-01, 5.36542e-05, 
        -1.39413e-03, -8.99892e-03, -1.01070e-02, 00000, 2.25218e-02, -1.39413e-03, 
        -7.08626e-01, -1.44733e+00, 5.65348e-01, 00000, 8.81978e-01, -7.08626e-01, 
        -6.51571e-12, 1.11652e-11, 1.11546e-11, 00000, -2.23162e-11, -6.51571e-12, 
        2.13742e-01, 1.95410e-01, 1.19229e-01, 00000, -3.79353e-01, 2.13742e-01, 
        1.84927e-12, -3.38484e-12, -5.09839e-12, 00000, 9.88903e-12, 1.84927e-12, 
        -1.44453e-02, -4.53397e-02, -4.68680e-02, 00000, 1.09035e-01, -1.44453e-02, 
        1.39413e-03, 8.99892e-03, 1.01070e-02, 00000, -2.25218e-02, 1.39413e-03, 
        2.85235e-12, -1.10021e+00, 5.97412e-01, 00000, 4.04800e-01, 2.85235e-12, 
        4.99672e-01, 2.30710e-02, -2.45148e-01, 00000, 2.38902e-01, 4.99672e-01, 
        -3.57783e-02, -1.71732e-01, -1.87866e-01, 00000, 4.24311e-01, -3.57783e-02, 
        -5.98691e-02, 1.21028e-02, 4.73291e-02, 00000, -6.72099e-02, -5.98691e-02, 
        5.36542e-05, 4.82491e-02, 5.82452e-02, 00000, -1.25192e-01, 5.36542e-05, 
        4.53354e-03, -1.28489e-02, -1.79957e-02, 00000, 3.60583e-02, 4.53354e-03;



